? Config file for objects to render

? Example comment

? Light Gray Dodecagonal prism

{

    ? vertices
    
    [
        (1000, 0, 0,)
        (1500, 0, 134,)
        (1866, 0, 500,)
        (2000, 0, 1000,)
        (1866, 0, 1500,)
        (1500, 0, 1866,)
        (1000, 0, 2000,)
        (500, 0, 1866,)
        (134, 0, 1500,)
        (0, 0, 1000,)
        (134, 0, 500,)
        (500, 0, 134,)
        (1000, 0, 1000,)
        (1000, 2000, 0,)
        (1500, 2000, 134,)
        (1866, 2000, 500,)
        (2000, 2000, 1000,)
        (1866, 2000, 1500,)
        (1500, 2000, 1866,)
        (1000, 2000, 2000,)
        (500, 2000, 1866,)
        (134, 2000, 1500,)
        (0, 2000, 1000,)
        (134, 2000, 500,)
        (500, 2000, 134,)
        (1000, 2000, 1000,)
    ]

    ? mesh of triangles

    [
        (0, 1, 12, #C2C2C2,)
        (1, 2, 12, #C2C2C2,)
        (2, 3, 12, #C2C2C2,)
        (3, 4, 12, #C2C2C2,)
        (4, 5, 12, #C2C2C2,)
        (5, 6, 12, #C2C2C2,)
        (6, 7, 12, #C2C2C2,)
        (7, 8, 12, #C2C2C2,)
        (8, 9, 12, #C2C2C2,)
        (9, 10, 12, #C2C2C2,)
        (10, 11, 12, #C2C2C2,)
        (11, 0, 12, #C2C2C2,)
        (14, 13, 25, #C2C2C2,)
        (15, 14, 25, #C2C2C2,)
        (16, 15, 25, #C2C2C2,)
        (17, 16, 25, #C2C2C2,)
        (18, 17, 25, #C2C2C2,)
        (19, 18, 25, #C2C2C2,)
        (20, 19, 25, #C2C2C2,)
        (21, 20, 25, #C2C2C2,)
        (22, 21, 25, #C2C2C2,)
        (23, 22, 25, #C2C2C2,)
        (24, 23, 25, #C2C2C2,)
        (13, 24, 25, #C2C2C2,)
        (0, 14, 1, #C2C2C2,)
        (0, 13, 14, #C2C2C2,)
        (1, 15, 2, #C2C2C2,)
        (1, 14, 15, #C2C2C2,)
        (2, 16, 3, #C2C2C2,)
        (2, 15, 16, #C2C2C2,)
        (3, 17, 4, #C2C2C2,)
        (3, 16, 17, #C2C2C2,)
        (4, 18, 5, #C2C2C2,)
        (4, 17, 18, #C2C2C2,)
        (5, 19, 6, #C2C2C2,)
        (5, 18, 19, #C2C2C2,)
        (6, 20, 7, #C2C2C2,)
        (6, 19, 20, #C2C2C2,)
        (7, 21, 8, #C2C2C2,)
        (7, 20, 21, #C2C2C2,)
        (8, 22, 9, #C2C2C2,)
        (8, 21, 22, #C2C2C2,)
        (9, 23, 10, #C2C2C2,)
        (9, 22, 23, #C2C2C2,)
        (10, 24, 11, #C2C2C2,)
        (10, 23, 24, #C2C2C2,)
        (11, 13, 0, #C2C2C2,)
        (11, 24, 13, #C2C2C2,)
    ]
}

? Green Cube

{
    [
        (-2000, 0, 0,)
        (-1000, 0, 0,)
        (-1000, -1000, 0,)
        (-2000, -1000, 0,)
        (-2000, 0, 1000,)
        (-1000, 0, 1000,)
        (-1000, -1000, 1000,)
        (-2000, -1000, 1000,)
    ]

    [
        (0, 1, 2, #00AA00,)
        (0, 2, 3, #00AA00,)
        (1, 5, 6, #00AA00,)
        (1, 6, 2, #00AA00,)
        (5, 4, 7, #00AA00,)
        (5, 7, 6, #00AA00,)
        (4, 0, 3, #00AA00,)
        (4, 3, 7, #00AA00,)
        (3, 2, 7, #00AA00,)
        (2, 6, 7, #00AA00,)
        (0, 4, 1, #00AA00,)
        (4, 5, 1, #00AA00,)
    ]
}

? Yellow Pyramid with pentagonal base

{
    [
        (-1000, 500, 1500,)
        (0, 500, 1500,)
        (300, 500, 2700,)
        (-850, 500, 2700,)
        (-1300, 500, 2200,)
        (-500, -500, 2200,)
    ]

    [
        (0, 1, 5, #DDDD00,)
        (1, 2, 5, #DDDD00,)
        (5, 2, 3, #DDDD00,)
        (5, 3, 4, #DDDD00,)
        (0, 5, 4, #DDDD00,)
        (2, 1, 0, #DDDD00,)
        (3, 2, 0, #DDDD00,)
        (4, 3, 0, #DDDD00,)
    ]
}